Time [s], Distance [m]
0.202947, 10.000000
0.303199, 10.000000
0.353148, 10.000000
0.403099, 10.000000
0.503090, 10.000000
0.554595, 10.000000
0.604198, 9.999000
0.653054, 9.999000
0.703063, 9.999000
0.853271, 9.967000
0.903898, 9.967000
1.008519, 9.930000
1.053165, 9.930000
1.204784, 9.913000
1.253226, 9.913000
1.306874, 9.913000
1.403252, 9.943000
1.453218, 9.943000
1.553003, 9.907000
1.605733, 9.907000
1.653355, 9.858000
1.704955, 9.858000
1.753280, 9.858000
1.803286, 9.858000
1.956392, 9.804000
2.003072, 9.804000
2.103057, 9.663000
2.153212, 9.663000
2.253304, 9.596000
2.321862, 9.596000
2.453037, 9.503000
2.503024, 9.503000
2.603240, 9.412000
2.655949, 9.412000
2.705249, 9.412000
2.805319, 9.315001
2.853024, 9.315001
2.903015, 9.315001
3.003114, 9.213001
3.053358, 9.213001
3.153069, 9.118002
3.203030, 9.118002
3.254163, 9.096002
3.303612, 9.096002
3.353240, 9.096002
3.403255, 9.096002
3.553747, 8.921004
3.607002, 8.921004
3.654674, 8.921004
3.704867, 8.797005
3.753327, 8.797005
3.806614, 8.797005
3.853631, 8.800005
3.904739, 8.800005
3.955539, 8.800005
4.006206, 8.600007
4.053211, 8.600007
4.103076, 8.600007
4.153735, 8.600007
4.253006, 8.524008
4.307022, 8.524008
4.403513, 8.424010
4.454489, 8.424010
4.554737, 8.324010
4.603034, 8.324010
4.653116, 8.324010
4.703605, 8.324010
4.853141, 8.225012
4.904344, 8.225012
4.953778, 8.225012
5.058562, 8.125014
5.106226, 8.125014
5.253134, 8.025016
5.303036, 8.025016
5.353198, 8.000016
5.403405, 8.000016
5.455443, 8.000016
5.558811, 7.825021
5.603057, 7.825021
5.655727, 7.825021
5.754100, 7.800021
5.804057, 7.800021
5.853025, 7.800021
5.903602, 7.800021
6.003438, 7.700023
6.053553, 7.700023
6.206269, 7.600026
6.255015, 7.600026
6.356164, 7.500027
6.404070, 7.500027
6.503796, 7.334030
6.558529, 7.334030
6.606666, 7.334030
6.753476, 7.227033
6.803345, 7.227033
6.853580, 7.203034
6.903072, 7.203034
6.955426, 7.203034
7.003684, 7.203034
7.054265, 7.203034
7.154492, 7.104037
7.206052, 7.104037
7.253354, 7.008038
7.303131, 7.008038
7.353374, 7.008038
7.403284, 7.008038
7.453444, 6.910042
7.504801, 6.910042
7.553156, 6.910042
7.653538, 6.812042
7.709491, 6.812042
7.753155, 6.812042
7.803396, 6.715047
7.855844, 6.715047
7.905427, 6.715047
8.003769, 6.542048
8.055220, 6.542048
8.106348, 6.542048
8.205570, 6.445052
8.253556, 6.445052
8.306037, 6.445052
8.353184, 6.445052
8.503130, 6.347053
8.555327, 6.347053
8.603179, 6.347053
8.659407, 6.347053
8.803281, 6.248054
8.858388, 6.248054
8.953050, 6.224054
9.003940, 6.224054
9.053426, 6.126060
9.103549, 6.126060
9.156788, 6.126060
9.207280, 6.126060
9.354706, 5.952061
9.403484, 5.952061
9.453273, 5.952061
9.503325, 5.952061
9.554518, 5.928061
9.609141, 5.928061
9.653381, 5.928061
9.705645, 5.928061
9.753253, 5.928061
9.853177, 5.754063
9.905184, 5.754063
9.953325, 5.754063
10.003205, 5.731064
10.053226, 5.731064
10.105750, 5.731064
10.153377, 5.632065
10.203470, 5.632065
10.253902, 5.632065
10.305763, 5.632065
10.353108, 5.632065
10.455029, 5.458067
10.505411, 5.458067
10.656850, 5.354073
10.704122, 5.354073
10.803940, 5.336073
10.853194, 5.336073
10.903135, 5.336073
10.953363, 5.336073
11.053354, 5.172076
11.103939, 5.172076
11.203145, 5.140076
11.256285, 5.140076
11.303053, 5.140076
11.361620, 5.041072
11.403221, 5.041072
11.454229, 5.041072
11.603233, 4.867075
11.653165, 4.867075
11.805426, 4.843075
11.854166, 4.843075
11.903323, 4.744077
11.953172, 4.744077
12.003156, 4.744077
12.054399, 4.744077
12.153105, 4.580080
12.203487, 4.580080
12.353696, 4.474081
12.403646, 4.474081
12.453175, 4.474081
12.556979, 4.451082
12.603187, 4.451082
12.653736, 4.451082
12.807245, 4.279085
12.853210, 4.279085
12.905589, 4.156088
12.960014, 4.156088
13.005134, 4.156088
13.055335, 4.158088
13.103338, 4.158088
13.153330, 4.158088
13.210582, 4.060090
13.253303, 4.060090
13.303881, 4.060090
13.353152, 4.060090
13.405713, 4.060090
13.453100, 3.963092
13.506771, 3.963092
13.555222, 3.963092
13.656090, 3.790089
13.706016, 3.790089
13.805489, 3.693092
13.855613, 3.693092
13.904603, 3.693092
13.953569, 3.669092
14.003136, 3.669092
14.053147, 3.669092
14.103216, 3.571095
14.154222, 3.571095
14.209327, 3.571095
14.307517, 3.397099
14.355578, 3.397099
14.403123, 3.397099
14.558757, 3.373100
14.605852, 3.373100
14.755542, 3.274103
14.803123, 3.274103
14.855518, 3.274103
14.903345, 3.176106
14.953347, 3.176106
15.003111, 3.176106
15.054567, 3.078110
15.103411, 3.078110
15.153535, 3.078110
15.203141, 3.078110
15.303454, 2.905108
15.353772, 2.905108
15.504114, 2.808111
15.553204, 2.808111
15.604052, 2.785112
15.655323, 2.785112
15.706583, 2.785112
15.754546, 2.785112
15.853317, 2.688116
15.903632, 2.688116
15.955030, 2.688116
16.004273, 2.590121
16.058667, 2.590121
16.107374, 2.590121
16.155953, 2.590121
16.206491, 2.493125
16.254800, 2.493125
16.303912, 2.493125
16.403239, 2.395130
16.453779, 2.395130
16.503523, 2.395130
16.607053, 2.223141
16.653434, 2.223141
16.707418, 2.223141
16.753724, 2.199142
16.806963, 2.199142
16.853262, 2.199142
16.904513, 2.199142
16.953335, 2.100149
17.003428, 2.100149
17.054095, 2.100149
17.103215, 2.100149
17.153229, 2.000156
17.203424, 2.000156
17.254794, 2.000156
17.303133, 1.800160
17.353362, 1.800160
17.403134, 1.800160
17.453512, 1.800160
17.509475, 1.800160
17.555531, 1.800160
17.603326, 1.800160
17.654088, 1.800160
17.708264, 1.600180
17.754939, 1.600180
17.804323, 1.600180
17.853848, 1.600180
17.903289, 1.600180
17.953150, 1.600180
18.004539, 1.600180
18.053203, 1.600180
18.103491, 1.600180
18.209129, 1.425202
18.253267, 1.425202
18.303155, 1.425202
18.403270, 1.325217
18.453113, 1.325217
18.503470, 1.325217
18.553222, 1.325217
18.603714, 1.300222
18.654879, 1.300222
18.705801, 1.300222
18.755566, 1.300222
18.803330, 1.300222
18.905070, 1.133254
18.958457, 1.133254
19.003222, 1.133254
19.103180, 1.025281
19.159463, 1.025281
19.203058, 1.000288
19.449032, 0.900320
19.499318, 0.900320
19.553358, 0.802359
19.599555, 0.802359
19.649320, 0.802359
19.699349, 0.802359
19.849882, 0.660436
19.900377, 0.660436
19.949355, 0.615468
20.004312, 0.615468
20.049222, 0.615468
20.099641, 0.615468
20.149302, 0.422863
20.200639, 0.422863
20.251820, 0.422863
20.301996, 0.422863
20.458760, 0.356183
20.499240, 0.356183
20.549566, 0.356183
20.599414, 0.338245
20.649646, 0.338245
20.701609, 0.338245
20.750188, 0.338245
20.799297, 0.247212
20.851146, 0.247212
20.899348, 0.247212
20.951750, 0.070838
21.000526, 0.070838
21.052906, 0.070838
21.149349, 0.055082
21.201497, 0.055082
21.299420, 0.117137
21.352672, 0.117137
21.401193, 0.117137
21.451426, 0.141322
21.506352, 0.141322
21.549326, 0.141322
21.599222, 0.141322
21.649318, 0.335847
21.700387, 0.335847
21.749369, 0.335847
21.800807, 0.335847
21.903017, 0.411364
21.951263, 0.411364
21.999815, 0.535522
22.049432, 0.535522
22.099387, 0.535522
22.200176, 0.611943
22.249308, 0.611943
22.302911, 0.611943
22.400407, 0.712372
22.449535, 0.712372
22.601996, 0.813499
22.649798, 0.813499
22.751603, 0.912921
22.805113, 0.912921
22.899441, 0.936688
22.954047, 0.936688
23.002109, 0.936688
23.049332, 1.035628
23.108813, 1.035628
23.149410, 1.035628
23.250113, 1.210321
23.299340, 1.210321
23.399238, 1.308670
23.452104, 1.308670
23.503783, 1.331027
23.549273, 1.331027
23.604667, 1.331027
23.650965, 1.331027
23.799633, 1.505747
23.849596, 1.505747
23.899429, 1.505747
23.949646, 1.528413
24.000653, 1.528413
24.049426, 1.528413
24.101841, 1.724888
24.149315, 1.724888
24.199658, 1.724888
24.250433, 1.724888
24.299527, 1.724888
24.403444, 1.799315
24.449371, 1.799315
24.500062, 1.799315
24.558044, 1.821393
24.599318, 1.821393
24.649477, 1.821393
24.749247, 1.994449
24.799175, 1.994449
24.850033, 1.994449
24.949258, 2.018172
24.999524, 2.018172
25.050197, 2.018172
25.149462, 2.190901
25.199693, 2.190901
25.254510, 2.190901
25.299301, 2.311239
25.349331, 2.311239
25.402018, 2.311239
25.454214, 2.311239
25.499264, 2.311831
25.553412, 2.311831
25.599330, 2.311831
25.752762, 2.483068
25.899572, 2.506217
25.949266, 2.506217
26.005523, 2.686627
26.054243, 2.686627
26.099241, 2.686627
26.149367, 2.686627
26.199279, 2.698161
26.249247, 2.698161
26.299589, 2.698161
26.399432, 2.861978
26.453129, 2.861978
26.550542, 2.881317
26.599278, 2.881317
26.649287, 2.881317
26.701955, 3.068136
26.749747, 3.068136
26.799318, 3.068136
26.849604, 3.068136
26.899379, 3.159470
26.950010, 3.159470
27.049423, 3.156859
27.100206, 3.156859
27.150349, 3.156859
27.201932, 3.156859
27.249266, 3.341149
27.300809, 3.341149
27.353347, 3.341149
27.451694, 3.408236
27.500144, 3.408236
27.649441, 3.498873
27.701003, 3.498873
27.849382, 3.588075
27.899391, 3.588075
27.954186, 3.610235
27.999339, 3.610235
28.049521, 3.610235
28.099309, 3.610235
28.149902, 3.610235
28.199327, 3.700889
28.253134, 3.700889
28.300239, 3.700889
28.349238, 3.700889
28.401846, 3.700889
28.553755, 3.792400
28.599549, 3.792400
28.649617, 3.792400
28.699958, 3.882662
28.749661, 3.882662
28.900139, 4.041032
28.999294, 4.062459
29.051356, 4.062459
29.099975, 4.062459
29.249383, 4.209889
29.299947, 4.209889
29.349359, 4.209889
29.449426, 4.305288
29.501947, 4.305288
29.549368, 4.326181
29.600040, 4.326181
29.649382, 4.326181
29.799493, 4.478928
29.849676, 4.478928
30.000573, 4.564343
30.050710, 4.564343
30.100257, 4.585846
30.149611, 4.585846
30.199272, 4.585846
30.250800, 4.585846
30.310215, 4.671016
30.349262, 4.671016
30.399503, 4.671016
30.449250, 4.671016
30.499293, 4.671016
30.553953, 4.755577
30.602722, 4.755577
30.658444, 4.755577
30.699479, 4.755577
30.749352, 4.925010
30.215463, 4.925010
30.264915, 4.925010
30.314517, 4.921816
30.364798, 4.921816
30.464673, 5.004932
30.514587, 5.004932
30.567235, 5.004932
30.618750, 5.173760
30.664642, 5.173760
30.714438, 5.173760
30.764720, 5.173760
30.865231, 5.235130
30.916183, 5.235130
30.983765, 5.235130
31.014606, 5.254397
31.064693, 5.254397
31.114677, 5.254397
31.165179, 5.254397
31.215572, 5.420403
31.264495, 5.420403
31.318289, 5.420403
31.465827, 5.481076
31.514509, 5.481076
31.669752, 5.563616
31.714516, 5.563616
31.764644, 5.563616
31.866303, 5.639785
31.914603, 5.639785
31.965868, 5.667050
32.022155, 5.667050
32.070941, 5.667050
32.114492, 5.667050
32.166299, 5.748533
32.214574, 5.748533
32.317789, 5.830472
32.364611, 5.830472
32.415424, 5.830472
32.464791, 5.912159
32.514442, 5.912159
32.564509, 5.912159
32.664397, 5.992242
32.714455, 5.992242
32.777328, 5.992242
32.864522, 6.073548
32.914439, 6.073548
32.964731, 6.235607
33.014912, 6.235607
33.064666, 6.235607
33.114592, 6.234893
33.164657, 6.234893
33.215280, 6.234893
33.264604, 6.315662
33.316720, 6.315662
33.365519, 6.315662
33.414464, 6.315662
33.564690, 6.456390
33.616820, 6.456390
33.665281, 6.456390
33.715693, 6.456390
33.814672, 6.537270
33.864645, 6.537270
33.964570, 6.618739
34.018184, 6.618739
34.121231, 6.699978
34.164584, 6.699978
34.264854, 6.781152
34.314511, 6.781152
34.416186, 6.861424
34.465536, 6.861424
34.615293, 6.942956
34.664577, 6.942956
34.814504, 7.023703
34.865803, 7.023703
34.965757, 7.043511
35.016720, 7.043511
35.070572, 7.043511
35.121337, 7.043511
35.164756, 7.123309
35.214547, 7.123309
35.264450, 7.123309
35.314626, 7.123309
35.366413, 7.202155
35.416196, 7.202155
35.465327, 7.202155
35.515525, 7.282232
35.565270, 7.282232
35.615044, 7.282232
35.665508, 7.282232
35.714553, 7.360733
35.765883, 7.360733
35.814622, 7.360733
35.873261, 7.360733
35.917497, 7.441073
35.965744, 7.441073
36.017731, 7.441073
36.064657, 7.441073
36.114470, 7.520435
36.166309, 7.520435
36.214507, 7.520435
36.317867, 7.599615
36.364996, 7.599615
36.414797, 7.599615
36.514799, 7.680015
36.566087, 7.680015
36.615939, 7.680015
36.664637, 7.680015
36.717850, 7.680015
36.869520, 7.821228
36.917246, 7.821228
36.965711, 7.840870
37.015982, 7.840870
37.066740, 7.840870
37.115940, 7.921323
37.164549, 7.921323
37.214421, 7.921323
37.264416, 7.921323
37.316016, 8.002995
37.365982, 8.002995
37.414606, 8.002995
37.466384, 8.002995
37.514545, 8.085053
37.564936, 8.085053
37.617029, 8.085053
37.664823, 8.085053
37.714558, 8.085053
37.764449, 8.167488
37.815862, 8.167488
37.864640, 8.167488
37.915869, 8.248903
37.965586, 8.248903
38.014580, 8.248903
38.114858, 8.330977
38.164596, 8.330977
38.218322, 8.330977
38.264821, 8.330977
38.315451, 8.330977
38.369453, 8.413950
38.414505, 8.413950
38.464790, 8.413950
38.514613, 8.495889
38.564554, 8.495889
38.621305, 8.495889
38.664460, 8.495889
38.714498, 8.495889
38.767275, 8.579018
38.816005, 8.579018
38.864882, 8.579018
38.917275, 8.579018
38.964592, 8.579018
39.114419, 8.662480
39.164550, 8.662480
39.264697, 8.745754
39.314383, 8.745754
39.364516, 8.745754
39.464728, 8.830723
39.514443, 8.830723
39.564528, 8.915502
39.614609, 8.915502
39.665274, 8.915502
39.715676, 9.000594
39.764870, 9.000594
39.814705, 9.000594
39.871602, 9.000594
40.064622, 9.149866
40.168396, 9.171196
40.217033, 9.171196
40.264725, 9.171196
40.314912, 9.309607
40.367315, 9.309607
40.414479, 9.309607
40.466034, 9.309607
40.515319, 9.337221
40.566442, 9.337221
40.614522, 9.337221
40.664582, 9.504313
40.716007, 9.504313
40.765121, 9.504313
40.814639, 9.504313
40.865160, 9.499897
40.918320, 9.499897
40.964466, 9.499897
41.014531, 9.499897
41.065731, 9.499897
41.121328, 9.668864
41.164459, 9.668864
41.214538, 9.668864
41.364554, 9.729243
41.414966, 9.729243
41.466203, 9.746583
41.514455, 9.746583
41.567175, 9.746583
41.616543, 9.828534
41.665863, 9.828534
41.717338, 9.828534
41.764512, 9.828534
41.864955, 9.975607
41.914879, 9.975607
42.065131, 10.056818
42.117122, 10.056818
42.166575, 10.056818
42.215859, 10.075241
42.265653, 10.075241
42.314566, 10.075241
42.364589, 10.075241
42.464525, 10.226633
42.518309, 10.226633
42.564937, 10.247426
42.614936, 10.247426
42.664467, 10.247426
42.716786, 10.247426
42.764789, 10.333404
42.817179, 10.333404
42.866746, 10.333404
42.965123, 10.420505
43.014839, 10.420505
43.065723, 10.420505
43.164694, 10.572592
43.214898, 10.572592
43.314720, 10.659863
43.365260, 10.659863
43.421781, 10.659863
43.515998, 10.746429
43.564548, 10.746429
43.714960, 10.834621
43.769796, 10.834621
43.818609, 10.834621
43.873362, 10.856702
43.915665, 10.856702
43.966032, 10.856702
44.014481, 10.856702
44.165272, 11.015827
44.315981, 11.099122
44.364584, 11.099122
44.414446, 11.099122
44.464981, 11.121354
44.514760, 11.121354
44.564504, 11.121354
44.614475, 11.285020
44.664551, 11.285020
44.715014, 11.285020
44.766133, 11.285020
44.814495, 11.285020
44.964504, 11.359624
45.014569, 11.359624
45.065761, 11.379222
45.117483, 11.379222
45.164544, 11.379222
45.214859, 11.379222
45.267805, 11.465295
45.316572, 11.465295
45.364499, 11.465295
45.417330, 11.465295
45.517791, 11.550621
45.566209, 11.550621
45.615982, 11.550621
45.714489, 11.634825
45.766094, 11.634825
45.814428, 11.634825
45.865301, 11.720136
45.914461, 11.720136
45.964602, 11.720136
46.016145, 11.804328
46.067033, 11.804328
46.115256, 11.804328
46.166322, 11.804328
46.214752, 11.889628
46.265823, 11.889628
46.314462, 11.889628
46.364900, 11.889628
46.514548, 12.040493
46.565131, 12.040493
46.614728, 12.040493
46.764473, 12.126863
46.814710, 12.126863
46.917306, 12.214003
46.965022, 12.214003
47.016452, 12.214003
47.166015, 12.234235
47.314484, 12.386261
47.364975, 12.386261
47.415406, 12.386261
47.465654, 12.482976
47.517257, 12.482976
47.564547, 12.482976
47.614926, 12.568625
47.664857, 12.568625
47.715350, 12.568625
47.771492, 12.568625
47.814547, 12.576468
47.866971, 12.576468
47.914500, 12.576468
47.965981, 12.576468
48.014544, 12.660084
48.064599, 12.660084
48.115652, 12.660084
48.214806, 12.810434
48.265188, 12.810434
48.317370, 12.810434
48.418380, 12.894826
48.464740, 12.894826
48.520118, 12.894826
48.669059, 12.978438
48.714547, 12.978438
48.765021, 12.978438
48.814688, 12.978438
48.914574, 12.997147
48.964569, 12.997147
49.018104, 12.997147
49.164458, 13.108413
49.214437, 13.108413
49.264567, 13.085293
49.314422, 13.085293
49.364486, 13.085293
49.464743, 12.902008
49.514689, 12.902008
49.616251, 12.890926
49.664478, 12.890926
49.715237, 12.890926
49.814708, 12.718441
49.865502, 12.718441
49.916301, 12.718441
49.964622, 12.718441
50.014706, 12.694070
50.064371, 12.694070
50.114486, 12.694070
50.165781, 12.694070
50.215359, 12.595663
50.266140, 12.595663
50.315672, 12.595663
50.365608, 12.595663
50.414722, 12.497261
50.464804, 12.497261
50.515944, 12.497261
50.565420, 12.497261
50.614453, 12.398864
50.664658, 12.398864
50.717116, 12.398864
50.814559, 12.300161
50.865375, 12.300161
50.914932, 12.300161
50.967067, 12.202412
51.016452, 12.202412
51.065609, 12.202412
51.114570, 12.202412
51.164879, 12.202412
51.266256, 12.103405
51.319631, 12.103405
51.369734, 12.103405
51.465803, 12.005037
51.514643, 12.005037
51.566115, 12.005037
51.614582, 11.904773
51.668131, 11.904773
51.714427, 11.904773
51.764558, 11.904773
51.865330, 11.804198
51.915735, 11.804198
51.965285, 11.804198
52.074206, 11.704260
52.115090, 11.704260
52.165151, 11.704260
52.266357, 11.529371
52.314668, 11.529371
52.414444, 11.504387
52.464489, 11.504387
52.514487, 11.405087
52.564708, 11.405087
52.616168, 11.405087
52.664527, 11.405087
52.714556, 11.405087
52.815021, 11.229574
52.864593, 11.229574
52.965379, 11.129960
53.021347, 11.129960
53.064552, 11.129960
53.114485, 11.104662
53.164634, 11.104662
53.215769, 11.104662
53.314485, 10.930103
53.365599, 10.930103
53.416131, 10.930103
53.477283, 10.904805
53.514460, 10.904805
53.564671, 10.904805
53.614786, 10.904805
53.665738, 10.804876
53.714843, 10.804876
53.764889, 10.804876
53.814473, 10.804876
53.964525, 10.704317
54.014514, 10.704317
54.114517, 10.605023
54.164577, 10.605023
54.215535, 10.605023
54.317472, 10.430153
54.364486, 10.430153
54.465096, 10.404855
54.517902, 10.404855
54.564484, 10.404855
54.615641, 10.404855
54.714412, 10.229671
54.764962, 10.229671
54.864530, 10.129435
54.914815, 10.129435
54.965981, 10.105086
55.019794, 10.105086
55.065559, 10.105086
55.115983, 10.105086
55.215488, 9.929915
55.264510, 9.929915
55.364653, 9.830633
55.415648, 9.830633
55.464586, 9.805022
55.514888, 9.805022
55.564643, 9.805022
55.616576, 9.705742
55.665853, 9.705742
55.714458, 9.705742
55.766182, 9.705742
55.814480, 9.530273
55.864474, 9.530273
55.915187, 9.530273
55.966338, 9.406029
56.015585, 9.406029
56.069307, 9.406029
56.114650, 9.406029
56.169580, 9.406029
56.219529, 9.406029
56.264620, 9.406029
56.314591, 9.406029
56.415478, 9.231215
56.464707, 9.231215
56.514760, 9.231215
56.616720, 9.131330
56.668289, 9.131330
56.815491, 9.031758
56.866948, 9.031758
56.964599, 9.006152
57.014879, 9.006152
57.066407, 9.006152
57.115053, 9.006152
57.164562, 8.807357
57.214519, 8.807357
57.268877, 8.807357
57.368535, 8.807357
57.414515, 8.807357
57.464576, 8.707492
57.517938, 8.707492
57.564494, 8.707492
57.617315, 8.707492
57.664557, 8.707492
57.814623, 8.532120
57.869318, 8.532120
57.914789, 8.532120
58.064737, 8.507472
58.114684, 8.507472
58.165405, 8.407623
58.217975, 8.407623
58.264442, 8.407623
58.314583, 8.407623
58.465174, 8.243027
58.514428, 8.243027
58.566393, 8.243027
58.614511, 8.210501
58.669466, 8.210501
58.717462, 8.210501
58.814455, 8.037399
58.865263, 8.037399
58.916468, 8.037399
59.015512, 7.938536
59.064824, 7.938536
59.114664, 7.914851
59.164474, 7.914851
59.214563, 7.914851
59.317042, 7.816654
59.365002, 7.816654
59.414555, 7.816654
59.468940, 7.718765
59.519068, 7.718765
59.565373, 7.718765
59.666286, 7.619634
59.715132, 7.619634
59.765641, 7.619634
59.816773, 7.521764
59.865158, 7.521764
59.919892, 7.521764
59.965145, 7.521764
60.018150, 7.521764
60.115105, 7.348182
60.165217, 7.348182
60.315638, 7.250050
60.364468, 7.250050
60.420035, 7.224469
60.464524, 7.224469
60.519379, 7.224469
60.564544, 7.224469
60.617061, 7.224469
60.664622, 7.026045
60.714706, 7.026045
60.766263, 7.026045
60.866515, 7.026045
60.916062, 7.026045
60.966653, 7.026045
61.026346, 6.926042
61.064767, 6.926042
61.115174, 6.926042
61.166117, 6.926042
61.216925, 6.826724
61.264517, 6.826724
61.314461, 6.826724
61.414840, 6.653316
61.477377, 6.653316
61.567020, 6.553089
61.614648, 6.553089
61.664714, 6.553089
61.714514, 6.528204
61.764499, 6.528204
61.814568, 6.528204
61.864616, 6.428961
61.920417, 6.428961
61.966164, 6.428961
62.066844, 6.255408
62.114626, 6.255408
62.166820, 6.255408
62.221220, 6.230817
62.264731, 6.230817
62.317547, 6.230817
62.416668, 6.131640
61.839094, 6.131640
61.889565, 6.131640
61.989416, 5.957937
62.038873, 5.957937
62.190984, 5.933091
62.240069, 5.933091
62.288927, 5.833994
62.339343, 5.833994
62.391185, 5.833994
62.439023, 5.833994
62.490040, 5.735890
62.549458, 5.735890
62.589002, 5.735890
62.639826, 5.735890
62.696057, 5.735890
62.739546, 5.735890
62.788920, 5.637817
62.838915, 5.637817
62.892153, 5.637817
62.938991, 5.637817
62.989071, 5.539516
63.039149, 5.539516
63.092829, 5.539516
63.138903, 5.442480
63.191550, 5.442480
63.242072, 5.442480
63.291758, 5.344515
63.340678, 5.344515
63.392125, 5.344515
63.438962, 5.344515
63.489002, 5.344515
63.539994, 5.247305
63.589777, 5.247305
63.639748, 5.247305
63.690213, 5.051093
63.741957, 5.051093
63.790675, 5.051093
63.840289, 5.051093
63.938898, 4.978054
63.989806, 4.978054
64.039493, 4.954278
64.090004, 4.954278
64.138897, 4.954278
64.189991, 4.954278
64.238910, 4.954278
64.296326, 4.857274
64.344360, 4.857274
64.388853, 4.857274
64.441144, 4.759360
64.488994, 4.759360
64.544110, 4.759360
64.589253, 4.759360
64.739578, 4.587203
64.796911, 4.587203
64.939584, 4.489249
64.988954, 4.489249
65.040594, 4.489249
65.088917, 4.379544
65.138916, 4.379544
65.191513, 4.379544
65.239357, 4.379544
65.390440, 4.368686
65.443554, 4.368686
65.590098, 4.198077
65.638914, 4.198077
65.689358, 4.175646
65.743824, 4.175646
65.788875, 4.175646
65.846847, 4.175646
65.939973, 4.016961
65.988994, 4.016961
66.042208, 3.986909
66.090931, 3.986909
66.139252, 3.986909
66.188854, 3.986909
66.238973, 3.808614
66.290278, 3.808614
66.339128, 3.808614
66.407657, 3.808614
66.489115, 3.801170
66.539012, 3.801170
66.589850, 3.801170
66.688931, 3.708380
66.741991, 3.708380
66.796341, 3.519269
66.851511, 3.519269
66.899712, 3.519269
66.938812, 3.519269
66.988857, 3.503458
67.039677, 3.503458
67.089844, 3.503458
67.139927, 3.503458
67.189203, 3.429379
67.238993, 3.429379
67.292363, 3.429379
67.339266, 3.429379
67.492274, 3.336337
67.539062, 3.336337
67.589444, 3.241637
67.639483, 3.241637
67.690342, 3.241637
67.838833, 3.083127
67.890254, 3.083127
67.941419, 3.083127
67.999724, 3.052729
68.039452, 3.052729
68.088988, 3.052729
68.189691, 2.884678
68.245093, 2.884678
68.289964, 2.884678
68.341633, 2.861731
68.395532, 2.861731
68.439013, 2.861731
68.488897, 2.861731
68.538856, 2.861731
68.640562, 2.692662
68.690645, 2.692662
68.741703, 2.669934
68.789876, 2.669934
68.839118, 2.669934
68.889025, 2.669934
68.988960, 2.511190
69.038950, 2.511190
69.088982, 2.511190
69.188849, 2.480423
69.238826, 2.480423
69.289311, 2.480423
69.339804, 2.480423
69.388863, 2.480423
69.440910, 2.386105
69.489347, 2.386105
69.539880, 2.386105
69.591638, 2.386105
69.689206, 2.292046
69.741174, 2.292046
69.792206, 2.292046
69.839002, 2.100016
69.888979, 2.100016
69.941757, 2.100016
69.989259, 2.100016
70.138857, 2.101015
70.188911, 2.101015
70.238896, 2.005990
70.289105, 2.005990
70.342821, 2.005990
70.395867, 1.910321
70.439809, 1.910321
70.495883, 1.910321
70.539323, 1.910321
70.591083, 1.910321
70.642255, 1.815022
70.689569, 1.815022
70.739078, 1.815022
70.796207, 1.719084
70.840620, 1.719084
70.888996, 1.719084
70.939358, 1.719084
71.091385, 1.624543
71.138941, 1.624543
71.189097, 1.624543
71.238945, 1.624543
71.339011, 1.455369
71.389938, 1.455369
71.444072, 1.455369
71.591519, 1.360059
71.640853, 1.360059
71.692477, 1.240046
71.739663, 1.240046
71.788862, 1.240046
71.840390, 1.240046
71.939000, 1.169152
71.991356, 1.169152
72.089337, 1.145000
72.138941, 1.145000
72.241065, 0.980234
72.290091, 0.980234
72.391907, 0.887820
72.441569, 0.887820
72.490393, 0.864417
72.539261, 0.864417
72.589128, 0.864417
72.638840, 0.864417
72.692192, 0.864417
72.740695, 0.772685
72.790099, 0.772685
72.839399, 0.772685
72.943649, 0.682974
72.988853, 0.682974
73.039420, 0.682974
73.096538, 0.596125
73.139500, 0.596125
73.188921, 0.596125
73.238962, 0.596125
73.339133, 0.513517
73.565271, 0.436689
73.616183, 0.436689
73.715804, 0.341974
73.766547, 0.341974
73.816207, 0.341974
73.866832, 0.325650
73.920724, 0.325650
73.965456, 0.325650
74.015724, 0.325650
74.067660, 0.303200
74.115775, 0.303200
74.170300, 0.303200
74.215858, 0.303200
74.268512, 0.338541
74.316259, 0.338541
74.371873, 0.338541
74.466212, 0.372840
74.515458, 0.372840
74.565622, 0.382498
74.615731, 0.382498
74.665475, 0.382498
74.715566, 0.382498
74.768409, 0.443898
74.817697, 0.443898
74.866602, 0.443898
74.915488, 0.443898
75.020096, 0.514480
75.066283, 0.514480
75.115422, 0.514480
75.268931, 0.591632
75.316803, 0.591632
75.365871, 0.591632
75.465980, 0.671863
75.518226, 0.671863
75.566737, 0.756116
75.616584, 0.756116
75.666763, 0.756116
75.716445, 0.846265
75.765887, 0.846265
75.817625, 0.846265
75.870048, 0.846265
75.915761, 0.846265
75.969502, 0.941915
76.019855, 0.941915
76.065718, 0.941915
76.116594, 0.941915
76.168238, 1.039556
76.216991, 1.039556
76.265598, 1.039556
76.317275, 1.138044
76.365513, 1.138044
76.416267, 1.138044
76.465504, 1.138044
76.617377, 1.313099
76.666579, 1.313099
76.715497, 1.336660
76.766421, 1.336660
76.817696, 1.336660
76.869085, 1.336660
76.916887, 1.523276
76.965955, 1.523276
77.017436, 1.523276
77.066153, 1.523276
77.115576, 1.635101
77.165490, 1.635101
77.216440, 1.635101
77.316025, 1.709970
77.371715, 1.709970
77.415734, 1.709970
77.565449, 1.809333
77.619568, 1.809333
77.665541, 1.809333
77.765386, 1.831805
77.817006, 1.831805
77.866515, 1.931321
77.915772, 1.931321
77.973316, 1.931321
78.020530, 1.931321
78.115613, 2.029340
78.169338, 2.029340
78.215657, 2.029340
78.317528, 2.128464
78.366425, 2.128464
78.419421, 2.128464
78.515738, 2.304110
78.566148, 2.304110
78.615570, 2.304110
78.721792, 2.402010
78.766761, 2.402010
78.815652, 2.425060
78.865613, 2.425060
78.915767, 2.425060
78.965499, 2.623023
79.017505, 2.623023
79.067760, 2.623023
79.215665, 2.699930
79.265456, 2.699930
79.317827, 2.699930
79.465517, 2.798422
79.515598, 2.798422
79.566687, 2.798422
79.716734, 2.896388
79.765566, 2.896388
79.815995, 2.919426
79.868858, 2.919426
79.915966, 2.919426
79.969146, 2.919426
80.015822, 3.017960
80.065512, 3.017960
80.115942, 3.017960
80.166209, 3.116050
80.220101, 3.116050
80.268427, 3.116050
80.365506, 3.279237
80.418457, 3.279237
80.465484, 3.279237
80.519631, 3.279237
80.615515, 3.309460
80.667338, 3.309460
80.765682, 3.479357
80.818547, 3.479357
80.865488, 3.503034
80.915645, 3.503034
80.974009, 3.503034
81.015538, 3.599234
81.065511, 3.599234
81.115520, 3.599234
81.271981, 3.766261
81.315820, 3.766261
81.415641, 3.789269
81.465425, 3.789269
81.531627, 3.789269
81.566480, 3.789269
81.668010, 3.954682
81.716770, 3.954682
81.771700, 3.977845
81.815782, 3.977845
81.865552, 3.977845
81.919422, 3.977845
81.965465, 3.977845
82.016431, 4.071568
82.065744, 4.071568
82.117209, 4.071568
82.165482, 4.165211
82.220513, 4.165211
82.265646, 4.165211
82.315666, 4.257567
82.367942, 4.257567
82.415708, 4.257567
82.467940, 4.257567
82.568454, 4.418861
82.619957, 4.418861
82.665565, 4.441721
82.715595, 4.441721
82.765780, 4.441721
82.815630, 4.441721
82.926990, 4.600843
82.965434, 4.600843
83.015996, 4.623582
83.066519, 4.623582
83.120553, 4.623582
83.168265, 4.623582
83.215524, 4.713496
83.265487, 4.713496
83.315514, 4.713496
83.371861, 4.804046
83.416204, 4.804046
83.465542, 4.804046
83.565670, 4.893052
83.616185, 4.893052
83.667233, 4.893052
83.716518, 4.981645
83.766133, 4.981645
83.817274, 4.981645
83.865731, 5.069325
83.916206, 5.069325
83.966342, 5.069325
84.067342, 5.157210
84.115624, 5.157210
84.166596, 5.157210
84.215766, 5.243919
84.265620, 5.243919
84.315563, 5.243919
84.367910, 5.416265
84.416230, 5.416265
84.468438, 5.416265
84.516159, 5.416265
84.565493, 5.416265
84.667970, 5.416459
84.715492, 5.416459
84.766029, 5.501553
84.815645, 5.501553
84.871951, 5.501553
84.968680, 5.650055
85.015553, 5.650055
85.067846, 5.650055
85.119998, 5.671304
85.168036, 5.671304
85.225936, 5.671304
85.317806, 5.754584
85.365461, 5.754584
85.418612, 5.754584
85.515550, 5.900624
85.567134, 5.900624
85.615791, 6.003648
85.666053, 6.003648
85.716140, 6.003648
85.765637, 6.003648
85.915593, 6.065315
85.966038, 6.065315
86.065366, 6.087097
86.115694, 6.087097
86.167454, 6.087097
86.366873, 6.228965
86.419314, 6.228965
86.465901, 6.228965
86.518313, 6.228965
86.565628, 6.330111
86.616324, 6.330111
86.670770, 6.330111
86.767940, 6.330842
86.824001, 6.330842
86.865534, 6.330842
86.915957, 6.330842
87.020105, 6.471761
87.070254, 6.471761
87.216392, 6.552296
87.265530, 6.552296
87.316444, 6.552296
87.365570, 6.571987
87.415632, 6.571987
87.465528, 6.571987
87.515690, 6.571987
87.565533, 6.571987
87.715536, 6.712146
87.765603, 6.712146
87.817734, 6.812291
87.865531, 6.812291
87.915985, 6.812291
87.966755, 6.810849
88.015949, 6.810849
88.065459, 6.810849
88.115484, 6.810849
88.165639, 6.888692
88.217346, 6.888692
88.275909, 6.888692
88.323518, 6.888692
88.365518, 6.888692
88.415554, 6.966354
88.466100, 6.966354
88.515910, 6.966354
88.567035, 6.966354
88.615591, 6.966354
88.671900, 6.966354
88.720444, 7.043836
88.765680, 7.043836
88.815590, 7.043836
88.866503, 7.043836
88.915778, 7.043836
88.968503, 7.043836
89.017385, 7.121139
89.065582, 7.121139
89.115875, 7.121139
89.168719, 7.121139
89.218097, 7.198929
89.265711, 7.198929
89.316220, 7.198929
89.367434, 7.198929
89.415802, 7.198929
89.519956, 7.275877
89.565467, 7.275877
89.715666, 7.413843
89.769838, 7.413843
89.816303, 7.431319
89.865526, 7.431319
89.916336, 7.431319
90.065657, 7.561282
90.115505, 7.561282
90.165939, 7.666259
90.215687, 7.666259
90.273031, 7.666259
90.316033, 7.666259
90.374301, 7.664698
90.416984, 7.664698
90.465616, 7.664698
90.615544, 7.803540
90.665901, 7.803540
90.815843, 7.881491
90.870200, 7.881491
90.918081, 7.970039
90.965448, 7.970039
91.015861, 7.977224
91.066234, 7.977224
91.127701, 7.977224
91.265446, 8.053677
91.320778, 8.212181
91.367307, 8.212181
91.419758, 8.212181
91.465544, 8.212181
91.518491, 8.212181
91.575693, 8.208127
91.615643, 8.208127
91.665583, 8.208127
91.719085, 8.208127
91.765486, 8.285092
91.817495, 8.285092
91.865497, 8.285092
91.920992, 8.285092
92.015501, 8.424701
92.067513, 8.424701
92.117045, 8.442523
92.165684, 8.442523
92.215570, 8.442523
92.266075, 8.442523
92.315736, 8.521602
92.365716, 8.521602
92.415940, 8.521602
92.471868, 8.601585
92.516484, 8.601585
92.571931, 8.601585
92.618765, 8.601585
92.668351, 8.601585
92.715531, 8.601585
92.765669, 8.682170
92.817041, 8.682170
92.866820, 8.682170
92.916182, 8.682170
92.969436, 8.764474
93.015612, 8.764474
93.067614, 8.764474
93.122221, 8.932019
93.165611, 8.932019
93.216356, 8.932019
93.267442, 8.932019
93.316488, 8.932019
93.515620, 8.994451
93.568246, 8.994451
93.616489, 8.994451
93.665498, 9.015270
93.727722, 9.015270
93.765477, 9.015270
93.815427, 9.015270
93.916083, 9.156589
93.973561, 9.156589
93.448575, 9.183825
93.499121, 9.183825
93.601357, 9.268279
93.654701, 9.268279
93.698779, 9.268279
93.748997, 9.353533
93.798939, 9.353533
93.848523, 9.353533
93.898704, 9.353533
93.954546, 9.353533
94.000130, 9.439056
94.051135, 9.439056
94.099168, 9.439056
94.152202, 9.439056
94.210184, 9.523977
94.250595, 9.523977
94.298567, 9.523977
94.351033, 9.523977
94.398562, 9.610013
94.448625, 9.610013
94.498953, 9.610013
94.599367, 9.761942
94.650840, 9.761942
94.799363, 9.782820
94.848791, 9.782820
94.899209, 9.868706
94.948488, 9.868706
94.998792, 9.868706
95.053602, 9.868706
95.098930, 10.032855
95.148654, 10.032855
95.201675, 10.032855
95.248538, 10.043379
95.299724, 10.043379
95.351222, 10.043379
95.398564, 10.043379
95.498746, 10.129920
95.562796, 10.129920
95.598667, 10.129920
95.651708, 10.218022
95.698541, 10.218022
95.750704, 10.218022
95.798644, 10.218022
95.848532, 10.218022
95.999625, 10.305853
96.049330, 10.305853
96.199398, 10.461281
96.249743, 10.461281
96.301598, 10.461281
96.448533, 10.482148
96.500085, 10.482148
96.548968, 10.482148
96.749088, 10.638224
96.800860, 10.638224
96.848626, 10.638224
96.899279, 10.659607
96.949584, 10.659607
97.002853, 10.659607
97.098558, 10.807365
97.151074, 10.807365
97.202670, 10.807365
97.248477, 10.926889
97.298507, 10.926889
97.348591, 10.926889
97.449270, 10.925992
97.498590, 10.925992
97.649083, 11.083560
97.699069, 11.083560
97.749948, 11.104251
97.798523, 11.104251
97.848585, 11.104251
97.910671, 11.193383
97.948771, 11.193383
97.998555, 11.193383
98.048530, 11.193383
98.101178, 11.193383
98.199775, 11.282661
98.248533, 11.282661
98.300040, 11.282661
98.398852, 11.439484
98.449391, 11.439484
98.499773, 11.439484
98.548658, 11.439484
98.599616, 11.460318
98.650886, 11.460318
98.699819, 11.460318
98.751972, 11.460318
98.798637, 11.460318
98.948997, 11.617631
99.002809, 11.617631
99.098775, 11.707153
99.152531, 11.707153
99.251610, 11.729410
99.301884, 11.729410
99.348632, 11.729410
99.449706, 11.887008
99.498615, 11.887008
99.548737, 11.908004
99.598551, 11.908004
99.648774, 11.908004
99.698842, 11.997035
99.748476, 11.997035
99.798602, 11.997035
99.848616, 11.997035
100.048563, 12.156212
100.101974, 12.156212
100.248496, 12.247016
100.298694, 12.247016
100.349023, 12.268130
100.403547, 12.268130
100.450841, 12.268130
100.498495, 12.268130
100.606836, 12.409147
100.667395, 12.409147
100.699026, 12.409147
100.748561, 12.536230
100.798808, 12.536230
100.849720, 12.536230
100.899562, 12.536230
100.998577, 12.531622
101.050592, 12.531622
101.099251, 12.531622
101.148513, 12.531622
101.200652, 12.620157
101.248784, 12.620157
101.299587, 12.620157
101.348749, 12.620157
101.398842, 12.708418
101.451299, 12.708418
101.500459, 12.708418
101.548709, 12.708418
101.601994, 12.797170
101.650344, 12.797170
101.700921, 12.797170
101.749066, 12.797170
101.798756, 12.886575
101.849786, 12.886575
101.898624, 12.886575
102.053275, 13.044363
102.099047, 13.044363
102.150470, 13.044363
102.248539, 13.063483
102.299782, 13.063483
102.349251, 13.152280
102.399822, 13.152280
102.450524, 13.152280
102.548537, 13.244533
102.598545, 13.244533
102.656504, 13.336534
102.698856, 13.336534
102.755023, 13.336534
102.798521, 13.336534
102.848876, 13.521237
102.900637, 13.521237
102.951309, 13.521237
102.998574, 13.521237
103.049379, 13.521237
103.098857, 13.521237
103.148565, 13.521237
103.200670, 13.613573
103.249157, 13.613573
103.298708, 13.613573
103.355237, 13.613573
103.399648, 13.705665
103.448595, 13.705665
103.499348, 13.705665
103.549862, 13.705665
103.599778, 13.796931
103.649084, 13.796931
103.698561, 13.796931
103.748566, 13.796931
103.799749, 13.981315
103.848595, 13.981315
103.899898, 13.981315
103.948459, 13.981315
104.050236, 13.981660
104.098583, 13.981660
104.198714, 14.073840
104.248571, 14.073840
104.300291, 14.073840
104.348551, 14.073840
104.400373, 14.073840
104.451175, 14.165788
104.500504, 14.165788
104.550917, 14.165788
104.598672, 14.165788
104.748557, 14.327130
104.798572, 14.327130
104.898810, 14.419376
104.948600, 14.419376
104.998633, 14.419376
105.152302, 14.502290
105.198583, 14.502290
105.354883, 14.600693
105.401114, 14.600693
105.499577, 14.682850
105.548495, 14.682850
105.598931, 14.682850
105.648521, 14.711190
105.698569, 14.711190
105.750645, 14.711190
105.850669, 14.799764
105.898846, 14.799764
105.950755, 14.799764
106.000749, 14.888112
106.048729, 14.888112
106.098730, 14.888112
106.149540, 14.888112
106.252164, 15.036949
106.300615, 15.036949
106.398706, 15.132533
106.456494, 15.132533
106.503339, 15.132533
106.548567, 15.132533
106.650631, 15.151854
106.698685, 15.151854
106.749037, 15.151854
106.900522, 15.307233
106.952683, 15.307233
106.998704, 15.325645
107.048552, 15.325645
107.098570, 15.325645
107.148703, 15.325645
107.200120, 15.413653
107.250121, 15.413653
107.298785, 15.413653
107.352579, 15.413653
107.399176, 15.413653
107.450895, 15.592839
107.498559, 15.592839
107.550109, 15.592839
107.598672, 15.592839
107.648731, 15.592839
107.748570, 15.659795
107.798600, 15.659795
107.850821, 15.659795
107.948552, 15.681809
108.002964, 15.681809
108.048849, 15.681809
108.099531, 15.641960
108.148956, 15.641960
108.198652, 15.641960
108.249091, 15.641960
108.301024, 15.641960
108.348495, 15.641960
108.450108, 15.470944
108.501262, 15.470944
108.550502, 15.447802
108.598976, 15.447802
108.651852, 15.447802
108.698883, 15.447802
108.849586, 15.275594
108.899884, 15.275594
108.950566, 15.275594
109.098717, 15.176689
109.152447, 15.176689
109.199079, 15.176689
109.300019, 15.151954
109.349386, 15.151954
109.403843, 15.151954
109.448577, 15.151954
109.549483, 14.978927
109.598735, 14.978927
109.653814, 14.954850
109.698631, 14.954850
109.752629, 14.954850
109.799533, 14.954850
109.853680, 14.855692
109.900844, 14.855692
109.948601, 14.855692
110.049156, 14.756550
110.102932, 14.756550
110.148845, 14.756550
110.259433, 14.583660
110.298662, 14.583660
110.448755, 14.558337
110.504987, 14.558337
110.648795, 14.459570
110.698584, 14.459570
110.748467, 14.360816
110.798557, 14.360816
110.849254, 14.360816
110.899238, 14.360816
110.952961, 14.360816
111.003514, 14.163983
111.048657, 14.163983
111.099036, 14.163983
111.152395, 14.065589
111.200024, 14.065589
111.248494, 14.065589
111.298829, 14.065589
111.348492, 14.066852
111.398637, 14.066852
111.448637, 14.066852
111.600565, 13.969417
111.657699, 13.969417
111.698694, 13.969417
111.748583, 13.871043
111.798586, 13.871043
111.848614, 13.871043
111.899711, 13.871043
111.950518, 13.772362
111.999325, 13.772362
112.048542, 13.772362
112.098695, 13.674639
112.149893, 13.674639
112.199131, 13.674639
112.249663, 13.674639
112.349131, 13.501980
112.399093, 13.501980
112.502911, 13.403012
112.548659, 13.403012
112.603226, 13.403012
112.649096, 13.379297
112.698659, 13.379297
112.750581, 13.379297
112.798713, 13.379297
112.898592, 13.205088
112.948464, 13.205088
113.052521, 13.105501
113.099251, 13.105501
113.149170, 13.105501
113.349530, 13.005599
113.399860, 13.005599
113.452673, 13.005599
113.548571, 12.905701
113.598684, 12.905701
113.699554, 12.881044
113.748683, 12.881044
113.802479, 12.881044
113.951026, 12.707490
114.010574, 12.707490
114.048614, 12.707490
114.106268, 12.683783
114.148935, 12.683783
114.202280, 12.683783
114.248701, 12.683783
114.298651, 12.585469
114.351062, 12.585469
114.404154, 12.585469
114.448565, 12.585469
114.599345, 12.412233
114.651281, 12.412233
114.798590, 12.388205
114.848732, 12.388205
114.998630, 12.214330
115.052452, 12.214330
115.100569, 12.214330
115.199001, 12.125814
115.248521, 12.125814
115.348768, 12.094515
115.398616, 12.094515
115.449822, 12.094515
115.598564, 11.922216
115.649112, 11.922216
115.698714, 11.922216
115.799890, 11.823568
115.848861, 11.823568
116.001312, 11.799541
116.049229, 11.799541
116.098669, 11.700893
116.150675, 11.700893
116.199004, 11.700893
116.248744, 11.603191
116.298555, 11.603191
116.349480, 11.603191
116.449542, 11.505489
116.498618, 11.505489
116.548638, 11.505489
116.648479, 11.408734
116.713479, 11.408734
116.749116, 11.408734
116.802991, 11.310707
116.848992, 11.310707
116.899760, 11.310707
116.999015, 11.138356
117.048830, 11.138356
117.100508, 11.114004
117.149741, 11.114004
117.198883, 11.114004
117.253748, 11.114004
117.398691, 10.940382
117.448852, 10.940382
117.601253, 10.916031
117.648519, 10.916031
117.698783, 10.817354
117.751434, 10.817354
117.798537, 10.817354
117.848492, 10.719299
117.898664, 10.719299
117.952508, 10.719299
117.999088, 10.719299
118.150644, 10.621568
118.203972, 10.621568
118.249808, 10.621568
118.301761, 10.621568
118.448878, 10.522568
118.502062, 10.522568
118.554676, 10.522568
118.598536, 10.424189
118.649601, 10.424189
118.702877, 10.424189
118.749448, 10.424189
118.803145, 10.424189
118.848709, 10.325190
118.898656, 10.325190
118.949111, 10.325190
118.999918, 10.325190
119.099469, 10.226813
119.148674, 10.226813
119.199162, 10.226813
119.248550, 10.226813
119.301572, 10.226813
119.498981, 10.053467
119.550592, 10.053467
119.600510, 10.028793
119.648584, 10.028793
119.698553, 10.028793
119.748672, 10.028793
119.800798, 10.028793
119.849602, 9.931366
119.904060, 9.931366
119.948925, 9.931366
119.998692, 9.931366
120.098545, 9.758974
120.148468, 9.758974
120.198693, 9.758974
120.256069, 9.758974
120.302836, 9.735248
120.350613, 9.735248
120.398645, 9.735248
120.450985, 9.735248
120.504396, 9.735248
120.550316, 9.536921
120.599182, 9.536921
120.648516, 9.536921
120.703806, 9.536921
120.750023, 9.536921
120.800126, 9.536921
120.848648, 9.537868
120.905030, 9.537868
120.948541, 9.537868
121.012020, 9.537868
121.054764, 9.440129
121.098831, 9.440129
121.148625, 9.440129
121.250634, 9.266167
121.298855, 9.266167
121.349151, 9.266167
121.451258, 9.242764
121.503875, 9.242764
121.601915, 9.068491
121.650649, 9.068491
121.699132, 9.068491
121.751913, 9.045089
121.805855, 9.045089
121.852567, 9.045089
121.898713, 9.045089
121.998764, 8.871777
122.056060, 8.871777
122.105783, 8.871777
122.151108, 8.845844
122.199241, 8.845844
122.250400, 8.845844
122.304138, 8.845844
122.348625, 8.845844
122.400833, 8.746861
122.449109, 8.746861
122.499256, 8.746861
122.598568, 8.571673
122.648572, 8.571673
122.698934, 8.546693
122.752851, 8.546693
122.799438, 8.546693
122.849019, 8.446773
122.898633, 8.446773
122.953018, 8.446773
123.099369, 8.272244
123.152798, 8.272244
123.198614, 8.272244
123.250980, 8.247582
123.302739, 8.247582
123.348695, 8.247582
123.405777, 8.247582
123.498585, 8.073072
123.550092, 8.073072
123.598817, 8.073072
123.699001, 7.968441
123.750824, 7.968441
123.798624, 7.968441
123.851270, 7.947896
123.898525, 7.947896
123.950181, 7.947896
123.998720, 7.947896
124.049282, 7.947896
124.150700, 7.773420
124.203514, 7.773420
124.248492, 7.773420
124.302967, 7.773420
124.498613, 7.674184
124.549906, 7.674184
124.600207, 7.674184
124.748478, 7.574004
124.799958, 7.574004
124.848540, 7.574004
124.948481, 7.474784
124.999537, 7.474784
125.050422, 7.474784
125.098913, 7.450134
125.149542, 7.450134
125.200213, 7.450134
125.248781, 7.450134
125.298566, 7.450134
125.349547, 7.349971
125.399288, 7.349971
125.448492, 7.349971
125.598795, 7.175271
125.086744, 7.150323
125.137300, 7.150323
125.188794, 7.150323
125.338954, 6.986399
125.388583, 6.986399
125.437018, 6.986399
125.537236, 6.878405
125.589662, 6.878405
125.637596, 6.878405
125.739090, 6.854720
125.787189, 6.854720
125.837855, 6.756526
125.887074, 6.756526
125.939807, 6.756526
125.986834, 6.756526
126.089154, 6.583853
126.137919, 6.583853
126.189586, 6.583853
126.241234, 6.460773
126.291157, 6.460773
126.340024, 6.460773
126.387833, 6.460773
126.437351, 6.461729
126.489908, 6.461729
126.536969, 6.461729
126.588490, 6.461729
126.739999, 6.289133
126.790895, 6.289133
126.943502, 6.190732
126.986739, 6.190732
127.037525, 6.190732
127.088548, 6.190732
127.241395, 6.092350
127.287435, 6.092350
127.436698, 5.994275
127.490374, 5.994275
127.536736, 5.994275
127.586932, 5.969377
127.636808, 5.969377
127.686898, 5.969377
127.736782, 5.969377
127.787070, 5.969377
127.846904, 5.869799
127.886682, 5.869799
127.936632, 5.869799
127.986758, 5.869799
128.036852, 5.869799
128.137873, 5.695880
128.187918, 5.695880
128.237038, 5.695880
128.286882, 5.671001
128.338025, 5.671001
128.391087, 5.671001
128.436616, 5.571779
128.495240, 5.571779
128.536781, 5.571779
128.638528, 5.473270
128.686761, 5.473270
128.738947, 5.274425
128.786950, 5.274425
128.837212, 5.274425
128.891383, 5.274425
128.936687, 5.274425
128.986704, 5.274425
129.039105, 5.274425
129.093142, 5.274425
129.136649, 5.176018
129.187997, 5.176018
129.246780, 5.176018
129.286714, 5.176018
129.336664, 5.176018
129.387159, 5.176018
129.438155, 5.176018
129.492779, 5.076421
129.536844, 5.076421
129.587235, 5.076421
129.636770, 5.076421
129.686980, 5.076421
129.839893, 4.978096
129.886780, 4.978096
129.936800, 4.978096
130.088338, 4.805153
130.136899, 4.805153
130.186729, 4.805153
130.237776, 4.805153
130.390929, 4.780357
130.436671, 4.780357
130.486836, 4.681922
130.537001, 4.681922
130.589308, 4.681922
130.639384, 4.583545
130.687065, 4.583545
130.738873, 4.583545
130.790718, 4.486447
130.836694, 4.486447
130.886802, 4.486447
130.936900, 4.486447
130.986786, 4.486447
131.087038, 4.315713
131.139543, 4.315713
131.186689, 4.315713
131.237494, 4.291965
131.287594, 4.291965
131.338183, 4.291965
131.388526, 4.291965
131.590808, 4.194840
131.636722, 4.194840
131.686845, 3.999877
131.736929, 3.999877
131.788113, 3.999877
131.886724, 3.955893
131.937041, 3.955893
131.992698, 3.955893
132.039053, 3.909537
132.087672, 3.909537
132.136627, 3.909537
132.187863, 3.909537
132.236848, 3.817117
132.290666, 3.817117
132.336707, 3.817117
132.387235, 3.817117
132.436783, 3.723821
132.488087, 3.723821
132.537587, 3.723821
132.587081, 3.723821
132.736670, 3.557969
132.787344, 3.557969
132.837321, 3.438524
132.888518, 3.438524
132.936813, 3.438524
133.036672, 3.442834
133.087705, 3.442834
133.138282, 3.442834
133.187024, 3.442834
133.287102, 3.274875
133.339422, 3.274875
133.438300, 3.254738
133.486725, 3.254738
133.586862, 3.160403
133.643757, 3.160403
133.688468, 3.160403
133.737124, 3.064415
133.787121, 3.064415
133.836902, 3.064415
133.886929, 3.064415
133.937624, 3.064415
134.036725, 2.893888
134.090615, 2.893888
134.136999, 2.893888
134.186794, 2.869776
134.236713, 2.869776
134.290898, 2.869776
134.337692, 2.869776
134.388192, 2.772446
134.437550, 2.772446
134.488714, 2.772446
134.586726, 2.601446
134.638600, 2.601446
134.690900, 2.479969
134.750840, 2.479969
134.786763, 2.479969
134.893576, 2.479969
134.936956, 2.479969
134.995190, 2.479969
135.038657, 2.381677
135.087970, 2.381677
135.137012, 2.381677
135.186651, 2.284809
135.240124, 2.284809
135.286689, 2.284809
135.388110, 2.114421
135.443040, 2.114421
135.536716, 2.016366
135.586839, 2.016366
135.636901, 1.895253
135.687529, 1.895253
135.737022, 1.895253
135.790488, 1.895195
135.836877, 1.895195
135.890600, 1.895195
135.987638, 1.724115
136.036693, 1.724115
136.089449, 1.724115
136.137169, 1.699923
136.187330, 1.699923
136.236845, 1.699923
136.287273, 1.603281
136.337462, 1.603281
136.386868, 1.603281
136.436740, 1.603281
136.488210, 1.506008
136.537157, 1.506008
136.586836, 1.506008
136.638886, 1.506008
136.686791, 1.506008
136.788140, 1.335485
136.838208, 1.335485
136.889821, 1.311673
136.944910, 1.311673
136.986643, 1.311673
137.037755, 1.215634
137.088399, 1.215634
137.138040, 1.215634
137.193990, 1.215634
137.336742, 1.046598
137.386945, 1.046598
137.487214, 1.023197
137.537232, 1.023197
137.587081, 0.927923
137.636849, 0.927923
137.688222, 0.927923
137.739808, 0.834490
137.789238, 0.834490
137.838956, 0.834490
137.886711, 0.741175
137.937252, 0.741175
137.988206, 0.741175
138.036630, 0.741175
138.186695, 0.581249
138.236760, 0.581249
138.336763, 0.560704
138.388792, 0.560704
138.436988, 0.560704
138.486807, 0.560704
138.536569, 0.473972
138.588001, 0.473972
138.983102, 0.286582
139.035805, 0.286582
139.133425, 0.269358
139.185207, 0.269358
139.234885, 0.269358
139.289239, 0.242788
139.333506, 0.242788
139.388756, 0.242788
139.436666, 0.242788
139.533376, 0.249658
139.583238, 0.249658
139.633595, 0.264766
139.683666, 0.264766
139.733950, 0.264766
139.786675, 0.264766
139.833420, 0.302108
139.886916, 0.302108
139.935010, 0.302108
139.985459, 0.302108
140.183184, 0.405887
140.233329, 0.405887
140.383288, 0.465172
140.433487, 0.465172
140.536058, 0.462456
140.583563, 0.462456
140.633408, 0.462456
140.683263, 0.462456
140.741528, 0.521369
140.783274, 0.521369
140.833408, 0.521369
140.933283, 0.650130
140.983222, 0.650130
141.084996, 0.717386
141.133714, 0.717386
141.186845, 0.717386
141.333656, 0.793738
141.384191, 0.793738
141.535589, 0.879120
141.583729, 0.879120
141.683306, 0.969417
141.734477, 0.969417
141.786111, 0.987373
141.833331, 0.987373
141.887422, 0.987373
141.933214, 0.987373
141.983857, 0.987373
142.033239, 1.077332
142.083281, 1.077332
142.133327, 1.077332
142.183343, 1.166870
142.234418, 1.166870
142.283328, 1.166870
142.333269, 1.166870
142.385031, 1.166870
142.486792, 1.330100
142.534792, 1.330100
142.584095, 1.349266
142.639586, 1.349266
142.688078, 1.349266
142.734135, 1.349266
142.786736, 1.443240
142.833798, 1.443240
142.883336, 1.443240
142.933406, 1.631383
142.990832, 1.631383
143.037006, 1.631383
143.084242, 1.631383
143.134022, 1.631383
143.183972, 1.630449
143.233271, 1.630449
143.283841, 1.630449
143.383408, 1.724856
143.433300, 1.724856
143.485176, 1.724856
143.583301, 1.818715
143.636389, 1.818715
143.686218, 1.912105
143.739083, 1.912105
143.783375, 1.912105
143.833318, 1.912105
143.888718, 2.100572
143.938783, 2.100572
143.983267, 2.100572
144.034030, 2.100572
144.185842, 2.173295
144.233833, 2.173295
144.284916, 2.173295
144.333260, 2.173295
144.433421, 2.195646
144.483305, 2.195646
144.533337, 2.195646
144.636340, 2.289307
144.685507, 2.289307
144.733484, 2.289307
144.783734, 2.289307
144.835826, 2.382651
144.892716, 2.382651
144.937195, 2.382651
144.983243, 2.382651
145.033332, 2.382651
145.087379, 2.475669
145.133286, 2.475669
145.183301, 2.475669
145.234154, 2.475669
145.287189, 2.475669
145.433346, 2.640426
145.484005, 2.640426
145.589745, 2.733360
145.633322, 2.733360
145.683802, 2.733360
145.734067, 2.754815
145.784826, 2.754815
145.840198, 2.754815
145.886034, 2.754815
145.933314, 2.754815
145.983428, 2.754815
146.133563, 2.917461
146.184194, 2.917461
146.238868, 2.917461
146.388049, 3.009663
146.434216, 3.009663
146.533976, 3.030862
146.583336, 3.030862
146.633255, 3.030862
146.684632, 3.030862
146.744680, 3.122088
146.783234, 3.122088
146.833616, 3.122088
146.890577, 3.122088
146.935649, 3.122088
146.984993, 3.212036
147.037044, 3.212036
147.083437, 3.212036
147.134618, 3.212036
147.183345, 3.212036
147.236604, 3.212036
147.288186, 3.301898
147.333302, 3.301898
147.386410, 3.301898
147.435730, 3.301898
147.487625, 3.301898
147.533864, 3.391496
147.584865, 3.391496
147.636157, 3.391496
147.684154, 3.391496
147.788341, 3.548373
147.833551, 3.548373
147.883424, 3.568689
147.933504, 3.568689
147.983277, 3.568689
148.033787, 3.657343
148.085411, 3.657343
148.135029, 3.657343
148.284272, 3.812189
148.341942, 3.812189
148.386471, 3.812189
148.483453, 3.899257
148.533826, 3.899257
148.585187, 3.899257
148.635778, 3.919716
148.683392, 3.919716
148.733275, 3.919716
148.783529, 4.006134
148.833405, 4.006134
148.884517, 4.006134
148.937355, 4.006134
148.986851, 4.094012
149.033328, 4.094012
149.083422, 4.094012
149.133226, 4.094012
149.183479, 4.094012
149.283405, 4.180881
149.335135, 4.180881
149.434135, 4.332035
149.484325, 4.332035
149.533234, 4.332035
149.583247, 4.354235
149.635097, 4.354235
149.683735, 4.354235
149.835870, 4.503191
149.883313, 4.503191
149.938056, 4.524787
149.983280, 4.524787
150.035957, 4.524787
150.084368, 4.524787
150.135345, 4.608250
150.184639, 4.608250
150.233553, 4.608250
150.285998, 4.608250
150.333296, 4.691001
150.383456, 4.691001
150.433702, 4.691001
150.483798, 4.691001
150.534582, 4.772340
150.583226, 4.772340
150.633401, 4.772340
150.684595, 4.772340
150.733415, 4.772340
150.883501, 4.854269
150.938926, 4.854269
151.033438, 4.995788
151.084442, 4.995788
151.133370, 4.995788
151.186945, 4.995788
151.283441, 5.076478
151.334817, 5.076478
151.433517, 5.155978
151.485876, 5.155978
151.585196, 5.234743
151.633577, 5.234743
151.785692, 5.253189
151.842353, 5.253189
151.934193, 5.391541
151.983318, 5.391541
152.033375, 5.391541
152.087019, 5.391541
152.133263, 5.410768
152.183611, 5.410768
152.238849, 5.410768
152.285661, 5.489033
152.333331, 5.489033
152.384550, 5.489033
152.434008, 5.489033
152.489934, 5.566696
152.535333, 5.566696
152.586165, 5.566696
152.633653, 5.566696
152.685591, 5.566696
152.842771, 5.644148
152.883415, 5.644148
152.933446, 5.644148
152.983787, 5.644148
153.138102, 5.778579
153.187874, 5.778579
153.284401, 5.797387
153.336191, 5.797387
153.383291, 5.797387
153.433412, 5.797387
153.487899, 5.872180
153.533465, 5.872180
153.583563, 5.872180
153.633251, 5.872180
153.684391, 5.946473
153.734749, 5.946473
153.784455, 5.946473
153.834890, 6.021139
153.883261, 6.021139
153.933325, 6.021139
153.984807, 6.021139
154.084378, 6.149539
154.133686, 6.149539
154.183454, 6.168057
154.234692, 6.168057
154.283257, 6.168057
154.333336, 6.168057
154.433338, 6.294811
154.490718, 6.294811
154.533375, 6.313673
154.583292, 6.313673
154.633279, 6.313673
154.733689, 6.439207
154.785005, 6.439207
154.833252, 6.439207
154.987995, 6.510276
155.035545, 6.510276
155.083281, 6.510276
155.187169, 6.581284
155.233634, 6.581284
155.283402, 6.581284
155.333534, 6.599851
155.383341, 6.599851
155.433519, 6.599851
155.483332, 6.599851
155.533380, 6.670190
155.588287, 6.670190
155.633280, 6.670190
155.792079, 6.790692
155.833238, 6.790692
155.883271, 6.790692
156.033636, 6.859817
156.087011, 6.859817
156.133357, 6.859817
156.195942, 6.876916
156.251714, 6.876916
156.284345, 6.876916
156.334316, 6.876916
156.387483, 6.876916
156.494493, 6.944686
156.535121, 6.944686
156.591617, 6.944686
156.684861, 7.061930
156.734424, 7.061930
156.887854, 7.128106
156.933350, 7.128106
156.986776, 7.128106
157.041348, 7.128106
157.133613, 7.194240
157.184421, 7.194240
157.233429, 7.211425
157.284985, 7.211425
157.334535, 7.211425
156.767745, 7.211425
156.817915, 7.276335
156.867944, 7.276335
156.917929, 7.276335
156.967974, 7.276335
157.017780, 7.342000
157.068851, 7.342000
157.119427, 7.342000
157.167908, 7.342000
157.317832, 7.406321
157.371347, 7.406321
157.418026, 7.533832
157.469297, 7.533832
157.522413, 7.533832
157.580253, 7.533832
157.618934, 7.533832
157.717873, 7.533832
157.772421, 7.533832
157.832434, 7.533832
157.870340, 7.533832
157.917894, 7.533832
157.968116, 7.533832
158.019584, 7.533832
158.077097, 7.595571
158.117856, 7.595571
158.168591, 7.595571
158.221259, 7.595571
158.369863, 7.658127
158.417892, 7.658127
158.467738, 7.718700
158.517956, 7.718700
158.568152, 7.718700
158.617913, 7.718700
158.720049, 7.779388
158.768051, 7.779388
158.818119, 7.779388
158.868414, 7.838680
158.918778, 7.838680
158.967899, 7.838680
159.017893, 7.838680
159.068465, 7.898191
159.117821, 7.898191
159.168752, 7.898191
159.219050, 7.898191
159.269937, 7.956292
159.317792, 7.956292
159.369702, 7.956292
159.419279, 7.956292
159.467815, 8.014653
159.521276, 8.014653
159.568741, 8.014653
159.668717, 8.071755
159.718007, 8.071755
159.768041, 8.071755
159.817811, 8.071755
159.867756, 8.186016
159.919026, 8.186016
159.968067, 8.186016
160.017979, 8.186016
160.118141, 8.228000
160.167808, 8.228000
160.220860, 8.228000
160.268419, 8.242225
160.323336, 8.242225
160.367825, 8.242225
160.572055, 8.340236
160.625968, 8.340236
160.671481, 8.340236
160.717750, 8.354840
160.769543, 8.354840
160.818334, 8.354840
160.973740, 8.446255
161.017787, 8.446255
161.070097, 8.446255
161.117897, 8.465538
161.167900, 8.465538
161.237669, 8.465538
161.270192, 8.465538
161.317831, 8.519436
161.367872, 8.519436
161.418066, 8.519436
161.467681, 8.519436
161.571334, 8.574129
161.617802, 8.574129
161.668323, 8.574129
161.720131, 8.574129
161.817871, 8.669087
161.868012, 8.669087
161.923402, 8.669087
162.017736, 8.722114
162.067806, 8.722114
162.167688, 8.775405
162.220247, 8.775405
162.268193, 8.775405
162.368549, 8.828109
162.418392, 8.828109
162.467730, 8.841917
162.522547, 8.841917
162.567974, 8.841917
162.617772, 8.841917
162.667885, 8.841917
162.820120, 8.934845
162.867712, 8.934845
162.918372, 8.934845
162.969808, 8.934845
163.019344, 8.947164
163.068036, 8.947164
163.118866, 8.947164
163.168087, 9.000907
163.223747, 9.000907
163.267758, 9.000907
163.417809, 9.094177
163.522657, 9.107959
163.572342, 9.107959
163.617819, 9.107959
163.667790, 9.107959
163.723817, 9.107959
163.768966, 9.160871
163.817710, 9.160871
163.868305, 9.160871
163.919971, 9.160871
163.969660, 9.213661
164.017928, 9.213661
164.072766, 9.213661
164.117727, 9.213661
164.168305, 9.213661
164.219002, 9.267200
164.271851, 9.267200
164.317821, 9.267200
164.369654, 9.267200
164.422564, 9.319702
164.467861, 9.319702
164.519154, 9.319702
164.568118, 9.319702
164.621449, 9.319702
164.668555, 9.319702
164.817826, 9.408719
164.869796, 9.408719
164.917878, 9.408719
164.967785, 9.426028
165.018229, 9.426028
165.076617, 9.426028
165.167752, 9.480317
165.217898, 9.480317
165.268523, 9.534013
165.320911, 9.534013
165.371997, 9.534013
165.417707, 9.534013
165.467824, 9.587910
165.517803, 9.587910
165.567710, 9.587910
165.622371, 9.642637
165.669193, 9.642637
165.717860, 9.642637
165.767784, 9.642637
165.817941, 9.642637
166.018129, 9.738680
166.070813, 9.738680
166.117854, 9.809391
166.167742, 9.809391
166.220757, 9.809391
166.270428, 9.809391
166.317938, 9.808825
166.367880, 9.808825
166.418714, 9.808825
166.479433, 9.921002
166.517871, 9.921002
166.567762, 9.921002
166.619686, 9.921002
166.675524, 9.919828
166.717921, 9.919828
166.768033, 9.919828
166.818670, 9.919828
166.867777, 9.919828
167.017926, 10.019193
167.068532, 10.019193
167.117827, 10.019193
167.171821, 10.019193
167.318306, 10.075033
167.370501, 10.075033
167.418515, 10.075033
167.468800, 10.075033
167.519607, 10.147832
167.570184, 10.147832
167.624253, 10.147832
167.667726, 10.204741
167.721871, 10.204741
167.767773, 10.204741
167.819906, 10.204741
167.920175, 10.247815
167.969745, 10.247815
168.018712, 10.247815
168.118736, 10.307030
168.168256, 10.307030
168.270239, 10.365578
168.320651, 10.365578
168.367805, 10.365578
168.467740, 10.425667
168.519305, 10.425667
168.569258, 10.425667
168.721255, 10.487694
168.769716, 10.487694
168.918611, 10.549633
168.973561, 10.549633
169.017900, 10.549633
169.075436, 10.549633
169.217870, 10.565102
169.267755, 10.565102
169.319419, 10.626788
169.367924, 10.626788
169.418095, 10.626788
169.467831, 10.626788
169.571897, 10.730676
169.617759, 10.730676
169.667695, 10.730676
169.717832, 10.730676
169.817848, 10.798421
169.870090, 10.798421
169.918100, 10.798421
170.017749, 10.860199
170.067726, 10.860199
170.117827, 10.860199
170.168269, 10.860199
170.220571, 10.875592
170.268076, 10.875592
170.319752, 10.875592
170.370923, 10.875592
170.419202, 10.938003
170.467933, 10.938003
170.517736, 10.938003
170.568297, 10.938003
170.618559, 11.002116
170.671050, 11.002116
170.719670, 11.002116
170.767846, 11.002116
170.867898, 11.114549
170.918481, 11.114549
170.969690, 11.114549
171.117752, 11.130395
171.167877, 11.130395
171.219249, 11.130395
171.268924, 11.260989
171.317895, 11.260989
171.371327, 11.260989
171.420685, 11.260989
171.519569, 11.310339
171.567798, 11.310339
171.617992, 11.327301
171.667884, 11.327301
171.717744, 11.327301
171.767892, 11.327301
171.868526, 11.445359
171.927350, 11.445359
171.967807, 11.462370
172.027385, 11.462370
172.067943, 11.462370
172.123420, 11.462370
172.167911, 11.462370
172.220573, 11.529720
172.268049, 11.529720
172.317829, 11.529720
172.368260, 11.529720
172.419017, 11.598349
172.472285, 11.598349
172.517894, 11.598349
172.569966, 11.598349
172.617822, 11.598349
172.671242, 11.666455
172.719321, 11.666455
172.771375, 11.666455
172.817782, 11.666455
172.867891, 11.735014
172.919111, 11.735014
172.967841, 11.735014
173.017822, 11.735014
173.119072, 11.804019
173.174171, 11.804019
173.318779, 11.925274
173.367785, 11.925274
173.417942, 11.942075
173.475586, 11.942075
173.517790, 11.942075
173.568316, 11.942075
173.667845, 12.062750
173.717959, 12.062750
173.767950, 12.062750
173.818539, 12.062750
173.922511, 12.132568
173.967942, 12.132568
174.018760, 12.218807
174.068196, 12.218807
174.118172, 12.218807
174.168380, 12.218807
174.268064, 12.271268
174.317783, 12.271268
174.368861, 12.271268
174.422190, 12.271268
174.467766, 12.288476
174.517995, 12.288476
174.568595, 12.288476
174.618783, 12.288476
174.669463, 12.288476
174.817820, 12.358563
174.869648, 12.358563
174.971351, 12.480281
175.018642, 12.480281
175.167803, 12.549335
175.218136, 12.549335
175.267717, 12.549335
175.318065, 12.566953
175.368898, 12.566953
175.418730, 12.566953
175.471362, 12.566953
175.517890, 12.566953
175.567878, 12.636519
175.620461, 12.636519
175.667917, 12.636519
175.717766, 12.636519
175.768145, 12.636519
175.918061, 12.758946
175.971261, 12.758946
176.018027, 12.758946
176.121925, 12.828492
176.168035, 12.828492
176.217800, 12.828492
176.380984, 12.898501
176.419203, 12.898501
176.467772, 12.898501
176.518403, 12.915552
176.567985, 12.915552
176.618734, 12.915552
176.771760, 13.037598
176.821489, 13.037598
176.867952, 13.054845
176.917859, 13.054845
176.968024, 13.054845
177.018558, 13.054845
177.069169, 13.054845
177.117828, 13.125038
177.167806, 13.125038
177.217836, 13.125038
177.268163, 13.125038
177.320559, 13.193655
177.367717, 13.193655
177.419400, 13.193655
177.471961, 13.193655
177.518354, 13.262619
177.567758, 13.262619
177.617740, 13.262619
177.670241, 13.330962
177.718974, 13.330962
177.767821, 13.330962
177.818031, 13.330962
177.869114, 13.400677
177.917876, 13.400677
177.967703, 13.400677
178.017817, 13.468749
178.069409, 13.468749
178.117976, 13.468749
178.169423, 13.468749
178.268195, 13.590012
178.317906, 13.590012
178.367722, 13.590012
178.468625, 13.607000
178.518617, 13.607000
178.571423, 13.675179
178.620185, 13.675179
178.669328, 13.675179
178.735779, 13.675179
178.767718, 13.744723
178.817798, 13.744723
178.870147, 13.744723
178.922530, 13.744723
179.019598, 13.865590
179.067835, 13.865590
179.119444, 13.865590
179.217826, 13.935197
179.270349, 13.935197
179.320986, 13.952645
179.371245, 13.952645
179.417873, 13.952645
179.468535, 13.952645
179.519456, 14.022718
179.567868, 14.022718
179.618439, 14.022718
179.717799, 14.144249
179.768157, 14.144249
179.817798, 14.144249
179.868063, 14.144249
179.917852, 14.161006
179.971578, 14.161006
180.017817, 14.161006
180.068411, 14.161006
180.119205, 14.230221
180.167770, 14.230221
180.217747, 14.230221
180.268098, 14.230221
180.319146, 14.369791
180.376163, 14.369791
180.417886, 14.369791
180.468656, 14.369791
180.520410, 14.369791
180.617939, 14.369791
180.668000, 14.369791
180.723925, 14.439086
180.767953, 14.439086
180.817860, 14.439086
180.868051, 14.439086
180.972410, 14.525098
181.017889, 14.525098
181.069526, 14.525098
181.172005, 14.629039
181.217864, 14.629039
181.268441, 14.629039
181.318741, 14.629039
181.420839, 14.698879
181.467955, 14.698879
181.517805, 14.698879
181.570916, 14.715358
181.619254, 14.715358
181.667859, 14.715358
181.719280, 14.715358
181.768011, 14.784647
181.823671, 14.784647
181.869358, 14.784647
181.970256, 14.854291
182.019641, 14.854291
182.071865, 14.923287
182.117765, 14.923287
182.167761, 14.923287
182.217877, 14.923287
182.270222, 14.991734
182.327742, 14.991734
182.367736, 14.991734
182.423249, 14.991734
182.467753, 14.991734
182.517998, 15.060531
182.570044, 15.060531
182.617732, 15.060531
182.674773, 15.060531
182.721629, 15.129783
182.767754, 15.129783
182.817944, 15.129783
182.870687, 15.198393
182.917988, 15.198393
182.968986, 15.198393
183.027199, 15.198393
183.067887, 15.198393
183.122462, 15.335655
183.167750, 15.335655
183.217877, 15.335655
183.367744, 15.387978
183.417923, 15.387978
183.472465, 15.404428
183.518591, 15.404428
183.567756, 15.404428
183.623387, 15.532707
183.667755, 15.532707
183.721760, 15.532707
183.771557, 15.532707
183.817947, 15.540881
183.868624, 15.540881
183.920340, 15.540881
184.069658, 15.663598
184.118524, 15.663598
184.168554, 15.675838
184.220289, 15.675838
184.267765, 15.675838
184.324449, 15.675838
184.367794, 15.675838
184.467944, 15.788155
184.519052, 15.788155
184.567827, 15.788155
184.618273, 15.788155
184.670464, 15.809978
184.725611, 15.809978
184.768717, 15.809978
184.819657, 15.809978
184.917855, 15.927633
184.968871, 15.927633
185.019414, 16.011859
185.067827, 16.011859
185.118734, 16.011859
185.175283, 16.011859
185.220955, 16.011859
185.368195, 16.009379
185.417948, 16.009379
185.471833, 16.009379
185.517964, 16.009379
185.624686, 16.127084
185.667835, 16.127084
185.717875, 16.142447
185.769336, 16.142447
185.818744, 16.142447
185.871946, 16.142447
185.918464, 16.209552
185.968102, 16.209552
186.017813, 16.209552
186.067841, 16.345290
186.118585, 16.345290
186.168106, 16.345290
186.219465, 16.345290
186.270089, 16.345290
186.317870, 16.343925
186.369251, 16.343925
186.418145, 16.343925
186.525219, 16.462256
186.567777, 16.462256
186.618183, 16.462256
186.667744, 16.479385
186.719050, 16.479385
186.771360, 16.479385
186.817877, 16.479385
186.867834, 16.479385
186.919355, 16.546525
186.977387, 16.546525
187.026923, 16.546525
187.067929, 16.546525
187.117955, 16.682402
187.171337, 16.682402
187.218010, 16.682402
187.367808, 16.682402
187.417674, 16.682402
187.471706, 16.749745
187.517835, 16.749745
187.570614, 16.749745
187.618034, 16.749745
187.718369, 16.861541
187.772153, 16.861541
187.817925, 16.883662
187.877989, 16.883662
187.918587, 16.883662
187.968886, 16.883662
188.079178, 17.000092
188.119322, 17.000092
188.168641, 17.000092
188.220301, 17.016669
188.279261, 17.016669
188.317840, 17.016669
188.369665, 17.082903
188.417834, 17.082903
188.471002, 17.082903
188.521244, 17.082903
188.617810, 17.199509
188.667719, 17.199509
188.717763, 17.215342
188.770223, 17.215342
188.820635, 17.215342
188.867881, 17.215342
188.920851, 17.281541
188.330259, 17.281541
188.380255, 17.281541
188.430290, 17.281541
188.480515, 17.281541
188.530313, 17.348301
188.586910, 17.348301
188.640950, 17.348301
188.681053, 17.348301
188.730399, 17.348301
188.781151, 17.414406
188.836606, 17.414406
188.880814, 17.414406
188.930827, 17.414406
188.980560, 17.480117
189.030524, 17.480117
189.080951, 17.480117
189.130582, 17.480117
189.182271, 17.547108
189.230321, 17.547108
189.283254, 17.547108
189.331148, 17.547108
189.380289, 17.680644
189.432102, 17.680644
189.480377, 17.680644
189.533677, 17.680644
189.581626, 17.680644
189.631871, 17.680644
189.680550, 17.680644
189.733505, 17.680644
189.780871, 17.680644
189.932306, 17.796739
189.981295, 17.796739
190.080295, 17.862892
190.133082, 17.862892
190.180447, 17.862892
190.230524, 17.879743
190.281188, 17.879743
190.330326, 17.879743
190.381217, 17.944748
190.434604, 17.944748
190.480636, 17.944748
190.530217, 17.944748
190.580261, 18.010347
190.630197, 18.010347
190.681053, 18.010347
190.733726, 18.010347
190.786442, 18.010347
190.831377, 18.075295
190.881847, 18.075295
190.938542, 18.075295
190.980201, 18.075295
191.080669, 18.185140
191.131806, 18.185140
191.230846, 18.255274
191.280320, 18.255274
191.330467, 18.255274
191.381062, 18.255274
191.430796, 18.271610
191.480267, 18.271610
191.530293, 18.271610
191.582263, 18.271610
191.631574, 18.271610
191.786548, 18.336172
191.830395, 18.336172
191.881002, 18.401036
191.934556, 18.401036
191.981663, 18.401036
192.030271, 18.401036
192.081755, 18.401036
192.234220, 18.509599
192.282205, 18.509599
192.330271, 18.509599
192.380348, 18.530713
192.430169, 18.530713
192.480620, 18.530713
192.533979, 18.530713
192.580606, 18.594577
192.633785, 18.594577
192.683345, 18.594577
192.780277, 18.660013
192.830319, 18.660013
192.980293, 18.757412
193.032520, 18.757412
193.085190, 18.636965
193.139486, 18.636965
193.189811, 18.636965
193.230187, 18.636965
193.280261, 18.636965
193.382206, 18.574588
193.432227, 18.574588
193.530265, 18.470817
193.580349, 18.470817
193.731689, 18.376495
193.780389, 18.376495
193.830269, 18.354686
193.888990, 18.354686
193.930178, 18.354686
194.083135, 18.195234
194.131594, 18.195234
194.230969, 18.090822
194.281531, 18.090822
194.332664, 18.090822
194.380265, 18.090822
194.480173, 18.005129
194.530312, 18.005129
194.580459, 18.005129
194.684520, 17.901879
194.733898, 17.901879
194.880441, 17.807938
194.934526, 17.807938
194.980313, 17.788380
195.030579, 17.788380
195.080739, 17.788380
195.134087, 17.696567
195.180368, 17.696567
195.230276, 17.696567
195.286138, 17.507154
195.330606, 17.507154
195.380361, 17.507154
195.480348, 17.513337
195.531354, 17.513337
195.583386, 17.513337
195.630194, 17.323011
195.681908, 17.323011
195.736787, 17.323011
195.784720, 17.328198
195.830275, 17.328198
195.880758, 17.328198
195.932420, 17.328198
195.980318, 17.234717
196.035601, 17.234717
196.080266, 17.234717
196.189868, 17.141255
196.230230, 17.141255
196.333829, 17.046923
196.388628, 17.046923
196.430293, 17.046923
196.480405, 17.046923
196.530537, 16.951613
196.585206, 16.951613
196.634526, 16.951613
196.680393, 16.856219
196.730214, 16.856219
196.780404, 16.856219
196.833428, 16.856219
196.880299, 16.757961
196.933536, 16.757961
196.980635, 16.757961
197.031403, 16.757961
197.081560, 16.659721
197.131356, 16.659721
197.180856, 16.659721
197.234595, 16.659721
197.287320, 16.659721
197.331846, 16.561499
197.380244, 16.561499
197.431191, 16.561499
197.589686, 16.388780
197.630906, 16.388780
197.681548, 16.388780
197.732800, 16.388780
197.780356, 16.364309
197.831652, 16.364309
197.881698, 16.364309
197.931732, 16.364309
197.980947, 16.166285
198.030222, 16.166285
198.080552, 16.166285
198.133021, 16.166285
198.183627, 16.166285
198.230263, 16.166285
198.282215, 16.166285
198.330254, 16.067344
198.380312, 16.067344
198.435117, 16.067344
198.481135, 16.067344
198.532150, 15.968419
198.585008, 15.968419
198.630436, 15.968419
198.680194, 15.968419
198.742090, 15.968419
198.786146, 15.869602
198.831097, 15.869602
198.889747, 15.869602
198.932395, 15.770799
198.981719, 15.770799
199.030854, 15.770799
199.086001, 15.770799
199.130285, 15.770799
199.233680, 15.597770
199.280318, 15.597770
199.330597, 15.597770
199.389868, 15.597770
199.430296, 15.573417
199.480244, 15.573417
199.533746, 15.573417
199.586739, 15.573417
199.681185, 15.399527
199.733499, 15.399527
199.781703, 15.399527
199.834975, 15.399527
199.930199, 15.300965
199.987489, 15.300965
200.030340, 15.300965
200.083794, 15.275536
200.134761, 15.275536
200.180311, 15.275536
200.281724, 15.177076
200.332324, 15.177076
200.380321, 15.077544
200.438106, 15.077544
200.482388, 15.077544
200.530219, 15.077544
200.580453, 15.077544
200.632897, 14.978109
200.681873, 14.978109
200.730257, 14.978109
200.781715, 14.978109
200.930363, 14.879682
200.981066, 14.879682
201.080352, 14.705362
201.130981, 14.705362
201.230250, 14.606049
201.280350, 14.606049
201.380323, 14.581720
201.431212, 14.581720
201.481592, 14.581720
201.533764, 14.581720
201.683086, 14.482419
201.733995, 14.482419
201.780664, 14.283009
201.831584, 14.283009
201.882059, 14.283009
201.930356, 14.283009
201.986248, 14.284005
202.030212, 14.284005
202.082539, 14.284005
202.131086, 14.284005
202.180351, 14.284005
202.234381, 14.185887
202.282026, 14.185887
202.330352, 14.185887
202.382753, 14.185887
202.530442, 14.087776
202.584639, 14.087776
202.630286, 14.087776
202.780337, 13.914816
202.830230, 13.914816
202.885184, 13.891577
202.930303, 13.891577
202.980272, 13.891577
203.030897, 13.891577
203.081702, 13.792493
203.131205, 13.792493
203.180389, 13.792493
203.236941, 13.792493
203.280360, 13.792493
203.380397, 13.619724
203.430286, 13.619724
203.480366, 13.619724
203.533654, 13.619724
203.580340, 13.596491
203.633882, 13.596491
203.680296, 13.596491
203.730282, 13.596491
203.787017, 13.596491
203.830233, 13.498500
203.882808, 13.498500
203.930438, 13.498500
203.980562, 13.498500
204.030780, 13.498500
204.132364, 13.399592
204.180841, 13.399592
204.230400, 13.399592
204.286169, 13.300618
204.331282, 13.300618
204.380316, 13.300618
204.431062, 13.300618
204.480286, 13.101835
204.531650, 13.101835
204.582401, 13.101835
204.730293, 13.027174
204.780339, 13.027174
204.880353, 12.927297
204.931105, 12.927297
204.980714, 12.927297
205.030353, 12.927297
205.181041, 12.827428
205.230210, 12.827428
205.281254, 12.803209
205.330500, 12.803209
205.383218, 12.803209
205.431363, 12.803209
205.480786, 12.703348
205.530433, 12.703348
205.580387, 12.703348
205.632691, 12.703348
205.682420, 12.603560
205.733478, 12.603560
205.780533, 12.603560
205.834049, 12.603560
205.880623, 12.503778
205.932767, 12.503778
205.985986, 12.503778
206.033749, 12.404999
206.080738, 12.404999
206.130332, 12.404999
206.180381, 12.404999
206.230500, 12.305229
206.280235, 12.305229
206.330773, 12.305229
206.380252, 12.105705
206.434576, 12.105705
206.480751, 12.105705
206.630329, 12.031155
206.686897, 12.031155
206.730361, 12.031155
206.781127, 12.031155
206.830238, 12.031155
206.987883, 11.931470
207.030841, 11.931470
207.082325, 11.931470
207.230489, 11.831789
207.280456, 11.831789
207.331605, 11.806590
207.381841, 11.806590
207.430263, 11.806590
207.583816, 11.641488
207.631659, 11.641488
207.730338, 11.533838
207.785685, 11.533838
207.830386, 11.533838
207.880503, 11.510639
207.931340, 11.510639
207.984389, 11.510639
208.030360, 11.510639
208.180432, 11.337578
208.233399, 11.337578
208.335128, 11.238986
208.381727, 11.238986
208.531183, 11.149441
208.580399, 11.149441
208.732940, 11.043813
208.783043, 11.043813
208.833512, 11.043813
208.883100, 10.934197
208.931426, 10.934197
208.980625, 10.934197
209.030811, 10.934197
209.181101, 10.850768
209.236961, 10.850768
209.284777, 10.829634
209.332824, 10.829634
209.381976, 10.829634
209.480269, 10.646701
209.530184, 10.646701
209.580245, 10.646701
209.638246, 10.646701
209.680640, 10.646701
209.734764, 10.637660
209.780356, 10.637660
209.830584, 10.637660
209.880355, 10.637660
209.930234, 10.637660
209.980446, 10.542151
210.030186, 10.542151
210.081857, 10.542151
210.131650, 10.542151
210.180554, 10.542151
210.231721, 10.445701
210.280295, 10.445701
210.332206, 10.445701
210.380271, 10.349202
210.434281, 10.349202
210.481606, 10.349202
210.532123, 10.349202
210.583468, 10.253758
210.633045, 10.253758
210.681774, 10.253758
210.781417, 10.155322
210.830183, 10.155322
210.883255, 10.155322
210.930544, 10.057888
210.981084, 10.057888
211.032960, 10.057888
211.081049, 10.057888
211.132572, 9.959458
211.180261, 9.959458
211.231999, 9.959458
211.280763, 9.861033
211.330942, 9.861033
211.380633, 9.861033
211.480425, 9.687360
211.531383, 9.687360
211.581612, 9.687360
211.730218, 9.586946
211.780226, 9.586946
211.832138, 9.561879
211.880749, 9.561879
211.930702, 9.561879
212.031841, 9.396261
212.080320, 9.396261
212.131790, 9.396261
212.282887, 9.288866
212.333962, 9.288866
212.380263, 9.265798
212.432001, 9.265798
212.483214, 9.265798
212.532039, 9.265798
212.630349, 9.101240
212.682343, 9.101240
212.731598, 9.101240
212.831311, 8.994898
212.882157, 8.994898
212.933904, 8.872532
212.981056, 8.872532
213.034111, 8.872532
213.081802, 8.872532
213.132625, 8.775275
213.180252, 8.775275
213.231658, 8.775275
213.281441, 8.775275
213.330318, 8.777273
213.380638, 8.777273
213.430761, 8.777273
213.488557, 8.680018
213.531349, 8.680018
213.583856, 8.680018
213.630244, 8.680018
213.681549, 8.680018
213.730339, 8.680018
213.885754, 8.507536
213.932954, 8.507536
213.980306, 8.507536
214.080507, 8.410286
214.130326, 8.410286
214.231257, 8.386224
214.283653, 8.386224
214.338097, 8.386224
214.480438, 8.287977
214.530282, 8.287977
214.630275, 8.113592
214.680387, 8.113592
214.830212, 8.023384
214.882181, 8.023384
214.930597, 7.990330
214.984232, 7.990330
215.030521, 7.990330
215.080587, 7.990330
215.231800, 7.825985
215.282176, 7.825985
215.381981, 7.719793
215.430315, 7.719793
215.482085, 7.719793
215.630454, 7.697732
215.680276, 7.697732
215.833096, 7.526436
215.880386, 7.526436
215.930238, 7.505375
215.989849, 7.505375
216.032258, 7.505375
216.081131, 7.410217
216.133882, 7.410217
216.181202, 7.410217
216.230247, 7.410217
216.280570, 7.410217
216.330247, 7.315059
216.380719, 7.315059
216.430345, 7.315059
216.480536, 7.315059
216.538713, 7.219902
216.585293, 7.219902
216.637742, 7.219902
216.680312, 7.219902
216.780479, 7.049650
216.830576, 7.049650
216.883622, 7.049650
216.980373, 6.928476
217.031777, 6.928476
217.080314, 6.928476
217.130328, 6.928476
217.181754, 6.928476
217.234298, 6.831359
217.285908, 6.831359
217.333895, 6.831359
217.380306, 6.831359
217.430363, 6.831359
217.480294, 6.833358
217.530430, 6.833358
217.585978, 6.833358
217.632218, 6.636092
217.680628, 6.636092
217.730300, 6.636092
217.781899, 6.636092
217.834063, 6.536977
217.880484, 6.536977
217.930448, 6.536977
218.080472, 6.462883
218.130435, 6.462883
218.230953, 6.438863
218.280446, 6.438863
218.331600, 6.438863
218.382428, 6.438863
218.433589, 6.338750
218.482008, 6.338750
218.531287, 6.338750
218.633994, 6.238637
218.685956, 6.238637
218.834872, 6.138525
218.882865, 6.138525
218.930305, 6.138525
218.980635, 6.038447
219.037761, 6.038447
219.080376, 6.038447
219.131231, 6.038447
219.186462, 5.839257
219.233987, 5.839257
219.281578, 5.839257
219.331264, 5.839257
219.381132, 5.839257
219.434900, 5.839257
219.480366, 5.839257
219.580412, 5.664088
219.630772, 5.664088
219.680423, 5.639068
219.736597, 5.639068
219.780458, 5.639068
219.831329, 5.538991
219.882466, 5.538991
219.940091, 5.538991
219.981046, 5.538991
220.033847, 5.538991
220.080468, 5.438913
220.130328, 5.438913
220.180906, 5.438913
220.232083, 5.438913
220.286792, 5.438913
220.330335, 5.238759
220.381101, 5.238759
220.430721, 5.238759
220.532632, 5.238759
220.583493, 5.238759
220.115178, 5.063656
220.170657, 5.063656
220.218744, 5.063656
220.415655, 4.963579
220.465136, 4.963579
220.515358, 4.963579
220.665299, 4.863535
220.715529, 4.863535
220.766304, 4.838515
220.822546, 4.838515
220.865181, 4.838515
220.916590, 4.838515
220.974813, 4.738471
221.016119, 4.738471
221.065264, 4.738471
221.115772, 4.738471
221.165149, 4.738471
221.215193, 4.638394
221.269398, 4.638394
221.315881, 4.638394
221.422857, 4.464323
221.465082, 4.464323
221.519681, 4.464323
221.570883, 4.439304
221.615217, 4.439304
221.669286, 4.439304
221.715211, 4.339259
221.771561, 4.339259
221.822073, 4.339259
221.868600, 4.239214
221.921241, 4.239214
221.965254, 4.239214
222.015769, 4.139170
222.065180, 4.139170
222.115154, 4.139170
222.169049, 4.139170
222.216462, 4.039125
222.265158, 4.039125
222.315141, 4.039125
222.367336, 4.039125
222.415261, 4.039125
222.515406, 3.864055
222.568357, 3.864055
222.615277, 3.864055
222.672752, 3.839036
222.715277, 3.839036
222.765246, 3.839036
222.815148, 3.739024
222.866572, 3.739024
222.916599, 3.739024
222.965405, 3.739024
223.016097, 3.638979
223.065489, 3.638979
223.115109, 3.638979
223.165673, 3.638979
223.265162, 3.463943
223.315316, 3.463943
223.365161, 3.463943
223.417499, 3.438923
223.465277, 3.438923
223.515193, 3.438923
223.565953, 3.438923
223.665438, 3.263888
223.719617, 3.263888
223.865161, 3.163878
223.915100, 3.163878
224.015405, 3.138859
224.065219, 3.138859
224.118345, 3.138859
224.165117, 3.138859
224.215138, 3.039849
224.265304, 3.039849
224.320504, 3.039849
224.370893, 3.039849
224.417673, 2.940840
224.465146, 2.940840
224.515389, 2.940840
224.566251, 2.841831
224.615152, 2.841831
224.665354, 2.841831
224.719718, 2.743787
224.765242, 2.743787
224.815061, 2.743787
224.878565, 2.743787
225.067827, 2.569794
225.115543, 2.569794
225.165339, 2.569794
225.316627, 2.470789
225.366389, 2.470789
225.469467, 2.381777
225.515736, 2.381777
225.617856, 2.350801
225.671081, 2.350801
225.717450, 2.350801
225.770697, 2.254797
225.815054, 2.254797
225.866047, 2.254797
225.917363, 2.254797
225.971334, 2.158794
226.015431, 2.158794
226.065170, 2.158794
226.115573, 2.158794
226.167115, 2.158794
226.217337, 2.158794
226.266161, 2.061836
226.315238, 2.061836
226.365221, 2.061836
226.515254, 1.963840
226.565180, 1.963840
226.617898, 1.963840
226.666009, 1.963840
226.717674, 1.866846
226.766459, 1.866846
226.816878, 1.866846
226.865228, 1.866846
226.915572, 1.866846
226.965839, 1.668919
227.021626, 1.668919
227.065060, 1.668919
227.115373, 1.668919
227.165796, 1.668919
227.215276, 1.671915
227.265233, 1.671915
227.322962, 1.671915
227.365221, 1.671915
227.417172, 1.671915
227.478842, 1.474013
227.516189, 1.474013
227.567940, 1.474013
227.615793, 1.474013
227.665173, 1.376100
227.715152, 1.376100
227.771498, 1.376100
227.815206, 1.376100
227.865315, 1.377099
227.915548, 1.377099
227.970484, 1.377099
228.115118, 1.277146
228.166332, 1.277146
228.216042, 1.277146
228.265260, 1.177265
228.316635, 1.177265
228.369685, 1.177265
228.415521, 1.177265
228.515164, 1.077408
228.566623, 1.077408
228.665697, 0.902641
228.715148, 0.902641
228.767115, 0.902641
228.865307, 0.802885
228.917839, 0.802885
228.975580, 0.777978
229.018466, 0.777978
229.065223, 0.777978
229.215889, 0.603619
229.269539, 0.603619
229.320271, 0.603619
229.370087, 0.479292
